78,53
58,41
59,44
49,37
24,20
34,29
101,82
67,43
104,83
68,56
116,75
60,38
51,24
22,14
95,43
29,15
104,30
44,43
112,70
78,41
79,41
41,19
52,35
103,94
40,36
84,33
41,24
65,46
60,44
68,47
54,32
90,81
72,38
94,49
90,63
85,39
69,32
65,44
61,42
39,14
71,49
54,32
45,28
45,35
72,52
72,60
46,33
67,43
11,9
48,37
13,9
36,21
55,36
40,36
99,59
62,50
139,124
23,15
38,19
52,39
47,23
108,78
106,81
90,63
69,45
61,58
70,41
57,31
36,28
75,64
52,41
42,27
40,20
44,30
35,17
50,40
91,58
105,61
52,29
71,53
50,32
97,65
53,35
95,63
90,74
27,22
85,62
81,64
173,87
63,43
210,160
48,31
23,21
64,52
104,75
137,121
62,26
52,19
47,41
70,41
