0.613
0.68154
0.72746
0.79823
0.7828
0.87538
0.84113
0.64083
0.76009
0.80027
0.62004
0.66936
0.63464
0.47305
0.53605
0.62221
0.32656
0.92884
0.62672
0.51852
0.59882
0.58054
0.75205
0.92388
0.90435
0.37371
0.49912
0.79396
0.66202
0.66002
0.61632
0.89229
0.48418
0.4389
0.6329
0.42847
0.53895
0.65072
0.64381
0.52696
0.6696
0.60441
0.64696
0.68121
0.69795
0.90007
0.76721
0.60525
0.71603
0.72026
0.8841
0.59342
0.72657
0.78094
0.66538
0.71169
0.89522
0.59068
0.62135
0.71737
0.56111
0.71127
0.79695
0.69477
0.60336
0.9425
0.52973
0.52053
0.85309
0.87732
0.76438
0.67157
0.62887
0.58811
0.46674
0.81275
0.61981
0.60436
0.58307
0.71768
0.70473
0.67822
0.83333
0.68193
0.74354
0.82255
0.62492
0.81819
0.47364
0.71175
0.73858
0.5311
0.90177
0.79712
0.71188
0.8924
0.50181
0.31678
0.75002
0.62388
